Loading intel-20.4/compilers
  Loading requirement: intel-license gcc/8.2.0 intel-20.4/cc intel-20.4/fc
Result = 6.019096e-03
Time(s) = 22.840705
Result = 6.019096e-03
Time(s) = 25.019863
Result = 6.019096e-03
Time(s) = 25.082556
